{"correlation": [{"Calories_Burned": 1.0, "Fat_Percentage": -0.5976152476507985, "Experience_Level": 0.6941294479312871, "Session_Duration (hours)": 0.9081403755270134, "Workout_Frequency (days/week)": 0.5761501254548659, "Water_Intake (liters)": 0.3569306830046392, "Weight (kg)": 0.09544347301217068, "BMI": 0.05976082614350598}, {"Calories_Burned": -0.5976152476507985, "Fat_Percentage": 1.0, "Experience_Level": -0.6543626129462125, "Session_Duration (hours)": -0.5815197713486109, "Workout_Frequency (days/week)": -0.5370595482740361, "Water_Intake (liters)": -0.5886828340828457, "Weight (kg)": -0.22551163996402304, "BMI": -0.11925776003623118}, {"Calories_Burned": 0.6941294479312871, "Fat_Percentage": -0.6543626129462125, "Experience_Level": 1.0, "Session_Duration (hours)": 0.7647681188532222, "Workout_Frequency (days/week)": 0.8370787093906679, "Water_Intake (liters)": 0.3041035493702362, "Weight (kg)": 0.003378527869663091, "BMI": 0.016031072593596936}, {"Calories_Burned": 0.9081403755270134, "Fat_Percentage": -0.5815197713486109, "Experience_Level": 0.7647681188532222, "Session_Duration (hours)": 1.0, "Workout_Frequency (days/week)": 0.6441403663606267, "Water_Intake (liters)": 0.28341097741334903, "Weight (kg)": -0.013665561441555573, "BMI": -0.006492646758320628}, {"Calories_Burned": 0.5761501254548659, "Fat_Percentage": -0.5370595482740361, "Experience_Level": 0.8370787093906679, "Session_Duration (hours)": 0.6441403663606267, "Workout_Frequency (days/week)": 1.0, "Water_Intake (liters)": 0.23856257055696695, "Weight (kg)": -0.011769327834281397, "BMI": 0.0016449736777586024}, {"Calories_Burned": 0.3569306830046392, "Fat_Percentage": -0.5886828340828457, "Experience_Level": 0.3041035493702362, "Session_Duration (hours)": 0.28341097741334903, "Workout_Frequency (days/week)": 0.23856257055696695, "Water_Intake (liters)": 1.0, "Weight (kg)": 0.39427571028131453, "BMI": 0.21369657188839392}, {"Calories_Burned": 0.09544347301217068, "Fat_Percentage": -0.22551163996402304, "Experience_Level": 0.003378527869663091, "Session_Duration (hours)": -0.013665561441555573, "Workout_Frequency (days/week)": -0.011769327834281397, "Water_Intake (liters)": 0.39427571028131453, "Weight (kg)": 1.0, "BMI": 0.8531576898507083}, {"Calories_Burned": 0.05976082614350598, "Fat_Percentage": -0.11925776003623118, "Experience_Level": 0.016031072593596936, "Session_Duration (hours)": -0.006492646758320628, "Workout_Frequency (days/week)": 0.0016449736777586024, "Water_Intake (liters)": 0.21369657188839392, "Weight (kg)": 0.8531576898507083, "BMI": 1.0}], "column_names": ["Calories_Burned", "Fat_Percentage", "Experience_Level", "Session_Duration (hours)", "Workout_Frequency (days/week)", "Water_Intake (liters)", "Weight (kg)", "BMI"]}